3344
4467
2220
4023
5251
5303
14550
9509
6531
10736
12016
10188
15464
13322
12330
13270
15726
10553
8202
26932
24503
13897
14080
23118
7889
26567
35892
12931
26723
26514
19357
43180
40072
25522
21238
22282
33724
28709
14446
37851
13270
19096
21577
16065
19174
15177
17972
22309
9117
9038
17450
25130
21577
18887
27507
31634
14393
19722
10423
9143
34194
16300
9456
29179
24216
17737
25757
74292
28891
19252
17293
15752
16118
18887
20245
23876
17685
24477
11912
14681
43860
25574
34821
11050
12539
32601
27220
34116
22465
41430
23380
73639
16065
35709
11207
30563
39523
36807
12878
33907
25600
13740
56581
26540
17842
14472
13375
23615
80823
17189
13714
28395
16875
13610
17241
32287
18887
18286
19696
29022
30302
15804
13662
16353
26776
14864
27376
18024
16640
23798
21786
28578
39445
15987
19722
22387
17058
8594
23693
36389
20428
12199
36389
23745
9953
15360
34638
17032
27167
52715
37016
33724
20402
10710
20637
14785
28212
20898
6374
12016
14184
23327
17711
13140
24111
35344
16953
19357
9091
14420
57652
32052
11311
22622
17215
15752
20924
19801
17711
24189
35318
13296
17868
75024
40490
8829
20245
13584
15282
38087
42841
86387
73953
66299
20245
25574
12696
27899
6896
14367
19905
14263
69042
28238
29100
12931
20506
18077
9900
28996
17136
11703
11729
13505
18834
15673
15987
23902
21420
55562
41456
32444
26201
73874
24816
31556
27507
49711
31896
24816
15073
17502
16927
7680
53969
45949
38661
57835
41770
79177
29440
57757
31556
51801
8594
14890
32157
11468
10971
26279
8620
15073
53943
37851
31608
94328
23589
38766
14393
50312
26122
49084
20088
31060
36336
79020
35605
29544
26410
13427
51148
35056
51775
36598
20036
18390
18207
30250
30459
34717
23719
50364
13688
22544
16953
16692
15151
19357
154880
35109
29257
31843
53708
9822
5590
10971
23484
9639
12800
59847
27847
14524
23223
18704
10762
34638
37590
33280
13531
11598
18442
26122
34038
30067
14785
27611
17345
14994
42057
29127
36153
22361
40020
20689
16744
10344
8020
15700
27220
42841
15282
27742
16248
19148
13636
7079
22439
27585
7445
22387
7993
46524
20872
11651
27847
11285
6400
32026
16483
12330
6504
14420
6217
39576
16483
11259
34377
16875
20793
20088
15726
24477
9012
10658
25051
37120
11598
38243
14498
36728
32026
36127
18887
38400
8673
29962
31713
15621
22126
18808
9326
14211
25417
28082
21211
32104
9900
12173
11442
27193
15882
20558
17424
19931
17162
46184
27141
23589
34612
11755
13740
13505
25104
13427
46237
25835
24529
12774
30485
25887
32392
38243
32993
16013
14237
10136
20271
21786
17162
15282
17711
18599
15700
7445
5721
17580
23641
47700
25339
14002
10266
21891
42109
15830
20140
17319
27481
28160
25678
27533
10841
15673
9927
25234
48196
31896
87536
20114
38374
20454
7576
30903
21786
23719
18495
14237
26671
23510
8882
32000
16849
27951
21316
17789
16562
39523
21995
30929
19566
15882
18651
34795
29283
25234
14707
36702
18024
28630
26122
23719
33071
9796
15700
25574
13531
31660
14446
63922
7445
12408
29518
40516
20193
35109
16640
31242
19252
18834
42606
32104
17450
15961
15047
81345
81424
23249
17319
31896
15909
23928
32549
44957
19905
11337
19409
83122
46707
79203
14576
12643
11128
23380
12957
16614
28369
19931
49633
20506
39314
21133
21055
19357
15229
15700
12408
66142
17136
12408
43624
36310
21551
14655
11729
21760
12931
8176
17267
11363
28996
31216
25417
31007
32575
17398
23197
20663
31608
18312
29153
8516
5224
31451
10371
10397
17189
22282
18730
38557
27376
62589
51017
23719
12983
27559
20872
29179
24895
23510
18573
22622
21420
32052
38844
39340
66978
37146
43024
32940
8986
33332
17450
11154
32601
22282
76748
26227
25182
19226
11024
13479
22021
24633
17058
12147
15987
37016
23249
26305
20349
11755
10710
35030
9064
9326
29623
21420
20167
16640
10684
53211
32549
25025
12748
26906
8385
13845
17110
34660
31504
19827
6740
24189
32758
37564
19540
16927
21029
19226
24137
15412
11651
16823
25704
10710
19409
38400
16666
25496
6139
32784
8176
11598
15334
13714
37930
28056
13584
15987
19069
9718
9822
10240
23641
48588
23092
38217
18939
21264
49398
21708
55954
57992
35370
51592
86883
24686
28082
10371
9064
23902
58514
37564
32731
27611
33097
32888
36676
32888
24451
17424
22100
23771
18573
13192
14785
26984
16483
21159
11494
27246
59455
33776
11624
17319
31530
24085
17345
14315
23118
71811
31399
23641
48849
35291
30407
26671
70139
41691
24111
28369
32679
26593
55118
21133
23171
26488
13479
30171
33593
15229
13610
15517
70531
21159
41352
20689
31112
22570
25496
19383
48849
29388
17659
33332
18651
23118
15151
14211
22282
18625
33384
24947
16248
21577
13218
16692
13505
52193
25365
25783
15256
24816
28761
56189
19775
28761
17450
11729
15543
23928
9796
29989
24686
19592
59664
33750
23615
13871
66534
13923
28735
17502
28317
22622
42580
34168
16509
29309
16797
15047
17371
12173
9770
13375
37564
19148
13949
13793
16327
9221
27873
8490
21238
8046
11703
18965
9195
48718
16562
16483
13871
12434
12278
34273
11468
23771
32026
11050
18260
46655
21629
23327
32235
38060
40359
18782
23771
19096
18913
14002
17920
20611
27664
9665
25260
13087
21838
9482
28813
21447
33384
18756
42214
7758
17685
21316
14315
36702
32340
22100
20741
26358
14733
31007
9326
10397
21029
13192
48666
42553
9456
29623
14341
9796
13897
23876
18364
13140
30067
34247
24633
16196
22883
8124
9770
15464
15386
17972
16196
44147
28813
62589
43259
14890
12199
14890
16248
64470
18390
18469
22753
19722
19435
13061
13349
18260
30380
27951
19487
29205
28108
15700
24189
12487
16196
9665
10527
30589
13375
22988
42736
16118
46106
36362
14054
31033
38609
9300
44356
8960
12095
19905
11233
28186
37878
22518
28968
28395
24451
42292
17816
29492
41848
36859
29127
13479
40385
8333
34691
40882
31608
20689
21708
12904
16353
34429
36859
20402
20715
18260
13584
7288
32366
36023
12669
11729
14968
12304
16980
8568
10423
11624
18024
11389
24790
13976
12878
6504
4676
8281
20088
16274
20088
24033
9378
44460
16065
13636
16248
21185
35788
23066
19566
21891
15647
24163
28264
13192
21211
24607
39837
48013
15047
29989
13140
19801
60212
33358
17607
26514
18834
27611
28918
55223
46028
15229
38635
35161
10162
17789
30668
19827
15099
7915
9012
13558
16170
18312
12356
12852
9744
6139
28865
15804
33280
18207
34090
33489
24242
8960
13061
6870
15673
13479
14707
17685
8725
14838
35448
30511
24712
27063
41143
13662
7602
15491
21525
18991
23824
22596
14811
9143
22282
26096
26723
12147
17920
8072
15726
9665
5930
7314
7811
6687
7576
4127
14132
5198
9509
18233
9038
5120
6191
4258
6165
3500
17816
11311
6374
18129
26488
17868
21447
10083
23980
9378
21107
24111
9848
15125
34273
22570
12251
8594
26984
23301
47020
14602
24398
32522
18207
21917
16692
38060
13113
15961
14707
16091
48118
38191
56085
37721
7811
43076
19775
16562
24973
17554
27794
8777
21682
15203
42057
11520
23589
29675
15882
6139
15752
29936
11233
15909
32000
15856
8150
10658
5016
12016
19304
8699
39915
29623
34847
14916
7340
9247
14106
18155
27141
9012
14811
12382
6531
15047
14785
7445
26593
9195
17868
19069
19644
21891
8568
14289
10762
10606
23589
6583
16327
19644
32444
24633
17241
16431
10789
30407
25469
6217
26723
10867
6922
11886
11050
19722
16091
31242
15804
12800
23589
18547
17737
19461
11755
28709
18860
32444
23980
14315
19435
12931
49241
41300
20480
25940
12513
13845
20715
39863
18887
20193
11598
18077
18965
21238
11024
10841
14184
22152
10736
39314
13296
23745
21185
13427
37590
32444
19252
9300
18521
26488
12643
53316
16013
23275
28891
10214
16744
34325
24581
27429
23745
23301
17110
16248
12722
15726
24607
35709
28291
17528
24921
19252
25469
30145
22596
23066
14785
23380
45662
27246
22857
12669
29989
29127
25574
27298
25025
17110
32601
23850
42580
37016
28944
29100
47334
23484
32731
16614
16327
15647
18051
21185
12826
17162
18155
20872
30511
15282
28839
22779
15334
10136
14367
23850
28447
24451
18782
18730
18024
46994
29440
32496
47700
54230
49398
33698
26201
13166
41482
13166
11520
13584
11807
23510
22309
31451
14472
33959
15856
23380
18077
10292
21055
12852
15778
24999
21995
21995
38609
25391
12225
14393
19122
31269
31556
24555
17345
15778
18651
20924
27220
30328
20924
33829
17162
46576
32679
19958
29127
20376
19148
29100
28134
8202
51331
21211
30694
19148
27690
15282
20245
28552
19644
23327
10031
32993
31739
38191
28735
17136
22857
14498
23954
18782
24529
31242
19122
13845
37277
18077
13923
32209
17894
20036
26096
78263
36101
79464
23667
22256
46916
29806
14184
17215
38348
14132
10188
16927
25992
17189
23510
17398
21211
10553
20036
12904
12408
15621
19696
22152
13610
8908
23223
12121
15543
12460
18260
22100
19308
10971
21055
12591
19905
22126
65123
15961
9273
17241
16901
24607
13740
22518
7549
13558
42292
16980
20480
27716
17450
12565
13270
20846
5590
14132
17006
10057
20846
16953
9561
5042
21238
28970
14707
34534
7523
14132
25313
27951
12617
8124
8777
20167
15491
12669
12460
17006
16457
23615
9091
16379
26488
27376
16692
13479
9117
32705
8307
20349
19017
41404
21473
18077
19958
16875
34194
21812
20872
21394
23144
41953
24137
14838
28970
13479
7863
22805
14184
8438
10684
31242
26802
27585
10998
34220
13610
13349
19226
15778
14811
17215
22883
13479
26880
12696
32627
34090
21891
18024
24424
38818
25339
27664
14681
10710
25496
18051
21420
9378
32914
21734
21682
13375
22361
27507
27977
23040
27742
12042
24921
8046
12251
18364
15935
16797
13322
18103
18913
8229
16849
18129
35370
10945
8934
48327
23641
17528
31843
15778
13871
23327
31138
22779
14002
18756
25887
20454
26880
13009
7445
9456
11102
10005
12565
34090
13819
25548
7105
18338
24242
26619
53394
25365
18887
13401
11651
26488
43494
10632
25339
7732
13166
17110
21133
9979
8281
24189
9822
8986
15073
14158
15569
34508
7863
15543
16013
21473
10188
8829
17136
9378
29544
8725
24398
20846
19775
12878
41613
14942
27742
22152
22779
25731
9665
15464
13714
17659
44669
22988
20663
12069
16692
24189
28134
32627
15229
39497
18442
16091
26880
8385
12251
25443
21342
19749
9979
27089
32993
14576
29100
14811
9064
18939
13375
11807
19174
8673
6635
18103
21577
20245
30171
23771
31608
40908
14994
16980
6818
10397
10632
8490
14707
39680
22126
20010
16065
44382
18625
19252
24529
20715
14733
15334
32862
27873
10762
35187
11207
13296
12722
19461
6766
21420
12696
9169
18442
64000
23824
15909
6243
9169
14028
8307
17293
17032
35709
35239
42553
22727
26514
23641
39262
30668
21760
16300
15282
6896
18390
40647
15203
27585
33515
17371
49972
52663
30459
16483
8829
16144
34351
29205
7811
27873
29780
18782
25391
14237
27298
48509
15334
38296
13349
27611
29179
19304
23380
11598
18991
17450
18521
24921
21786
11363
17189
20689
22779
35997
14054
15778
43285
63451
40464
29675
17110
11442
5747
16144
23536
24869
13610
6322
44983
69512
31269
20167
13140
15935
19722
12852
6191
14733
29492
29675
10710
38269
12095
19775
29336
15778
15752
12095
8620
16823
11781
31634
16771
22544
20062
23693
9404
17789
13688
37904
10945
6609
7863
8281
6060
8411
8699
10397
8516
5851
8411
6452
5851
12565
12643
9430
5642
6583
10945
7654
13531
17162
7419
7967
7993
8934
9091
13923
7706
7210
6374
7576
9326
5956
6139
7131
4833
3918
10632
4153
6087
10762
6844
13192
8098
12095
9613
12251
8725
6557
5982
10789
6713
9195
8229
10710
5904
7732
7210
8934
6687
6400
7497
6583
18103
14550
7419
6269
4833
5904
7419
6766
4937
16118
7654
6818
7758
5930
9482
6766
6661
6870
4023
8516
17371
12748
10005
15595
6949
6949
4676
7340
5799
8986
6478
9378
8908
8908
10501
11050
25443
8803
8699
8908
7628
14942
9195
12434
15151
18390
17424
12565
21447
16405
8020
17711
12147
6008
13531
9874
16118
16718
10031
22309
24999
25704
25156
13923
27820
33411
25861
25025
10475
32444
28291
14655
19644
15334
11416
21656
11807
14942
15804
13244
7314
8777
20689
20506
10606
14916
11598
23380
14916
8829
15726
9535
13793
23667
17058
32183
27847
28186
15804
17737
22309
17084
10919
26880
21394
27559
25835
12957
13871
33228
31007
18390
42658
30380
26906
30772
7941
8229
18024
10266
27402
9221
14968
29022
22230
24842
38583
27011
19801
15438
28291
24842
9091
10527
18521
19043
16718
19905
16901
17737
36441
14655
19853
9691
27089
12800
31451
13087
14393
19540
21917
7576
15464
21969
14132
8072
9744
11259
16196
20428
11833
15047
11285
18939
13401
9587
12696
23197
15464
31530
12304
22256
9613
12983
34743
17006
7236
23171
17293
17319
21211
16875
18233
13871
12513
34273
11755
14158
9535
13375
16614
17058
16353
19331
14028
28108
15438
13453
15177
12904
8046
21290
15099
8829
9509
8020
24216
11389
17528
17842
10423
12408
4153
26175
11024
20349
13505
19043
15099
25208
23118
20767
27141
12147
14393
17685
22805
10893
12722
18364
17842
25469
22909
25104
13113
14576
11024
13192
17345
13871
12199
10083
15543
10815
26567
12487
11494
15491
15491
10423
24842
14550
8986
16666
14655
38139
13192
18051
13296
30981
19644
20140
20010
29962
20219
10580
17084
12042
15073
17659
9195
8934
20820
23771
9273
18965
3082
5303
18625
9979
9718
7811
9509
14420
6087
8202
13531
23719
20114
22309
33698
31373
45531
14550
34586
39680
7288
18051
7393
21473
12121
28865
39680
10553
38191
18416
11285
20140
10815
14890
22700
6870
24216
19461
8464
26802
13009
10789
36258
20167
23980
21029
47961
25443
16379
15177
17136
13244
19749
20898
30851
18678
10214
9822
13296
16744
21838
9117
15438
9874
5878
5068
9509
9378
14472
7497
7758
18077
7889
13662
27820
10527
17972
15464
9613
46707
10710
9117
2038
21499
17972
18495
4049
12121
5355
4336
16666
18808
13479
19618
6635
17345
13270
6583
12617
16849
6243
14367
16640
13714
15752
6087
27977
41221
11128
4545
6243
15308
14315
6896
13087
15778
12016
12069
15099
8385
7732
8438
12539
9247
14759
8098
8020
8699
18704
6583
15334
11076
8359
26906
9535
9482
12904
8699
13662
10031
8176
9117
32810
13453
13610
24033
22909
15987
8438
10083
14968
10344
13218
14994
9535
15438
15830
8098
9300
7915
6740
12826
9169
9927
3709
48170
9770
15125
13087
12147
10031
14420
12069
7941
9874
22648
12774
7811
12199
10580
23771
9038
29884
19148
9953
6060
7549
4963
7576
7993
9273
8046
5851
6687
8333
4284
3709
13871
4362
6896
25887
9430
6113
9587
17267
19383
1541
5616
3918
6870
3291
7393
7105
7210
3213
15360
4519
7837
4153
11180
10971
7889
3944
10214
3187
6165
6165
10214
3892
4650
3082
2560
3762
2220
3971
2038
2482
2403
2952
2743
4101
4441
4833
5016
23980
30459
2664
6922
4989
8150
9221
6557
24320
11076
4075
8411
4493
9221
36911
9561
12095
5982
6583
17528
7001
5982
15647
6792
17580
8542
10162
14942
5486
6139
13322
9718
41456
30929
19879
24895
16536
26201
20402
8464
4702
25731
19435
14498
4571
8307
9273
24686
21211
12147
24816
20741
7784
5016
4415
16353
3553
14602
29675
11259
14263
7236
8411
16274
6322
10344
14184
5094
6348
20976
14785
9091
10684
14158
19722
16849
8647
9430
18469
6139
5616
13061
18939
6426
19096
20584
8411
12800
14916
13871
8934
17946
16823
11311
11207
19722
14002
7680
11154
17371
8856
12121
9064
12121
8986
14341
11076
13140
8176
9143
7993
7889
8620
15047
13296
18207
6139
7889
20741
7863
25208
15673
9587
7314
16849
15517
19958
15412
9247
12434
11285
20245
16744
9221
8490
23667
18730
15543
15543
15778
22491
14785
29388
39445
13479
20193
19200
9691
9195
7131
10005
6687
12016
9352
7889
9064
8150
8202
8255
9561
8647
9535
9770
11677
8516
16013
8307
9535
10527
20088
18286
8124
12983
13558
15987
20506
12278
13976
12225
12225
27716
9561
10240
42005
17763
15229
27167
14237
14838
8829
17293
7993
10527
39262
22309
18651
18651
12774
8803
15073
19174
11442
7367
7001
16222
17607
9117
9091
13923
10240
24242
11024
14184
92970
16274
12800
13531
16562
14681
25887
13740
14002
18077
21603
13270
26619
44931
16327
5721
6400
17162
34795
8229
37956
21133
15830
24790
14576
22335
23850
12957
14393
36389
19409
38008
25940
15177
13688
52402
21656
10109
4389
17398
28944
29414
26175
18547
7967
9509
10057
30041
16953
21290
16039
21812
16875
25496
12487
18312
19043
29727
17267
9587
27611
13923
19879
7602
9848
20428
18390
40333
39027
9953
15491
10710
17215
58488
4963
4937
5355
4284
5642
9718
9247
7027
5538
6322
7131
9143
8594
27011
8516
7105
11285
22544
18808
11807
17554
6818
14524
32522
13610
5851
38792
18991
11860
9691
17737
12931
31791
9038
11807
5277
8699
9770
6504
7445
12800
7654
6896
27611
10266
8411
7889
6922
6217
17580
12408
14002
11546
6478
10083
9691
8751
6713
7001
14994
15882
13087
14785
10162
8908
10475
6766
12983
10945
13427
25600
14994
8411
11416
14602
14341
23301
12513
7001
11259
4989
9822
15073
8020
7967
7993
8385
18860
8673
7758
27402
8072
6348
6713
7889
8516
6269
5407
7863
20741
17006
8620
22465
11468
11677
14994
7993
5564
21264
14132
10083
5068
10240
8803
20062
18103
19905
9979
12591
42971
17110
23667
15125
23092
9064
12904
8803
13035
26122
14864
18913
13949
20689
12983
10344
8098
19278
8751
39889
29466
17633
11311
13714
30955
17946
18442
16431
15778
100937
23876
53499
21603
76382
16823
26932
17006
42475
33149
32862
9718
50129
14002
38217
15569
23380
16118
6583
18704
22805
17685
21525
25156
48013
10658
21473
53995
18312
31451
87562
50651
36023
30041
8385
23066
27925
20558
9848
11912
15491
16849
10606
21029
8464
14602
10005
12147
16091
12251
18834
31425
19435
22700
22439
27716
13427
14968
18442
13714
13636
7288
16483
9430
15491
18051
9117
16196
9535
11442
15621
9770
9587
16640
10684
18913
8856
13166
18887
6322
13401
14916
11259
9482
6818
8020
18051
12539
13767
6531
14289
18939
19435
21342
10371
10397
11624
7079
13166
6478
10501
22857
11024
28918
14838
8699
11990
15909
13610
8385
16039
8986
3683
6322
10815
11886
9822
8960
8986
5016
6713
8229
6348
7654
7393
8333
7027
5930
9744
7131
9613
14498
10188
5277
10344
5381
8411
6426
9378
7993
5590
6400
6452
8542
8176
9012
8281
4362
6348
6792
7079
12513
6635
7758
11546
7967
6217
6504
4963
25078
8882
12617
10214
6557
8333
6949
5590
7523
5329
8411
5721
15491
8150
16144
6139
7863
5460
10371
8856
4023
5146
5982
5381
4362
7497
7758
6870
5956
5146
4859
5172
5146
9247
6348
5930
7105
8072
5486
7758
6818
6478
5486
7419
13505
6191
5355
5982
7915
6922
6635
6740
4963
8046
9979
7602
5851
6740
6583
4807
8751
4937
6296
6844
7941
5355
5198
9064
5146
11285
8411
5747
10083
6975
4127
6583
5433
4310
9744
6896
6504
5851
4676
6400
5460
5198
6400
8777
4754
4153
12643
4754
4807
6034
5042
3422
8829
6243
5016
5303
6296
4049
5695
6504
5721
10423
9143
8673
5799
15569
8960
4127
5773
4598
3422
8072
4754
10553
8385
4937
5616
5590
5355
4232
9953
8411
5224
5146
5564
5277
3396
8385
6400
5303
8255
5564
6426
8777
9482
5564
10057
8255
6557
5590
4624
5120
4415
6034
10083
5851
6060
6348
6322
7053
4885
5799
5512
7393
6426
8594
7001
5433
5381
5851
7602
5042
6635
9273
5747
5407
5146
6583
6374
5825
6060
7340
6322
7654
34038
8594
4571
9012
14472
12722
6896
15673
15020
8751
25731
11285
22883
12826
18260
13296
20558
9561
23197
26175
10475
12434
12069
11180
19984
14237
9979
7523
14158
9169
8960
5747
12251
15987
18442
11311
19905
18129
10240
13558
39053
10188
16039
12957
37381
10397
15621
14132
8385
23589
8307
13688
12434
6557
8751
15543
16718
9012
9874
16536
44931
33228
30668
24581
25260
15203
12696
10815
10815
7497
7576
6687
7001
8359
8568
10527
10162
5799
7184
7053
9482
11938
19148
11442
16823
12852
13505
20193
24294
11154
16039
13976
14315
15961
6870
3631
8516
24346
15412
10998
24346
14237
19226
19513
10867
16980
18939
12643
39628
16196
8620
20924
30903
21708
14446
17345
30015
17763
30067
10344
31739
13897
34429
26906
28813
29440
9404
16274
21081
23771
28839
26514
9718
11285
12356
10005
17711
10736
20872
25992
24059
27951
17659
27638
6426
9300
16274
20454
14707
20323
25913
22622
25600
25678
26514
10318
19069
15909
7001
10292
14132
15882
7706
17633
19069
24059
15569
11207
25574
33959
27559
39262
24033
21447
20402
33332
15308
20480
21185
16300
17528
26593
9561
9796
17894
11703
13061
13140
23353
22073
8411
34691
9482
23249
14550
24895
11259
15647
27977
12696
12356
18625
12539
16980
20140
23249
38034
14994
22674
16144
30511
9718
16536
16588
27507
14237
8359
12278
8594
21969
15203
32235
23118
13636
12095
10031
22596
25757
23223
15909
15203
19513
21002
27481
17580
9691
16091
10266
9691
30851
8150
17580
16640
14054
26619
17633
16744
7367
16875
17006
14681
7811
3474
7889
14733
13140
11572
10606
25234
39367
18103
12095
6661
16039
7393
14237
19696
12095
12565
17110
14864
22491
15935
18625
29623
19383
8699
17450
33724
21682
25522
15778
11598
22648
6792
13531
13453
15073
18547
24555
29231
15726
12434
13427
11389
11912
20506
26253
33567
9979
23014
12487
14446
14759
29649
12748
19409
9587
20924
8150
14655
7993
3788
4284
8960
12539
22831
20637
9273
7367
32366
12121
17685
13218
24581
29257
24372
15203
14002
11233
28317
18625
15386
14968
7889
18260
8620
22596
11964
22387
17946
16927
21917
29989
35291
7811
5930
15099
20297
18233
5851
9064
8934
14080
15229
10449
20584
25208
26645
26253
18390
13610
11337
13740
29910
10632
14838
15256
11860
12408
16640
21682
8777
10005
13270
12199
8725
7262
29910
29649
33515
20402
8307
22779
17241
6844
11598
24869
16980
11311
12800
20349
22021
36153
29257
17972
19984
25104
19801
19017
19540
16692
21081
18260
19148
15830
24242
25365
11833
59899
24712
48013
18364
15203
23589
7497
5407
17998
14681
12042
8385
10188
15047
32758
60813
38452
22544
76748
9195
40908
14707
17528
16640
27742
22204
8829
11416
15595
7811
8046
14550
12095
8856
20245
8359
13270
25548
22387
11677
14472
40516
13845
10998
12460
16431
14655
27063
13349
11843
23771
23406
31242
22622
26723
10632
18730
23902
15804
22465
28656
24033
16431
8255
9927
14472
15464
7993
9456
33985
18155
38661
17319
8124
14184
29623
14315
21185
17607
17058
18939
35631
15491
18390
29283
16431
6870
8568
18338
9117
11311
14002
30459
24242
15125
20532
10292
19775
14054
15438
28996
19931
27011
40673
41509
29100
20245
15099
7340
5381
41953
4989
5224
4101
20428
5747
13923
16405
9874
27585
19984
22439
11624
16222
25574
19749
13688
14158
25678
37355
11468
23432
34926
20715
20323
27167
27089
36467
3579
3370
6374
4702
4101
8542
6452
10397
14237
10449
15177
13819
8725
14759
19200
8176
4807
18364
18651
10762
6583
6870
16353
6661
5747
8438
5564
15569
8725
12931
9038
7236
12356
14184
8229
16536
8072
8568
7811
19775
8281
6400
7471
6269
8908
11520
24607
7680
12016
7628
9979
20271
14211
21159
9744
10658
9064
13636
6478
16091
8124
13767
11337
7576
19096
18129
17737
11886
19043
16536
15517
8046
8464
9718
8673
11755
18756
12408
11180
15830
21499
16588
19409
5695
2534
2534
3030
6034
8124
5642
8594
4362
6426
11912
4807
3683
5381
6792
8124
5407
5590
7915
6348
8150
8176
10109
7549
4284
4180
7340
7445
4441
10710
8777
7158
7523
6191
9639
8829
5329
6740
5851
5564
7758
7784
5094
4780
6034
5590
6818
5773
6113
8333
7497
5486
10606
6609
8255
5433
6060
4650
6557
6713
5120
6087
6870
6583
5904
11442
7758
6583
10449
5799
5120
5590
7105
5486
8176
5146
5251
4702
5251
4754
5616
5721
6975
6713
6609
6426
7027
4754
4023
3422
6661
4441
5433
4833
4859
5564
6818
6400
6478
3605
4885
24529
5825
6400
9221
7236
3631
4493
4441
4362
5381
6766
15569
5695
5564
5251
4598
4232
5094
4075
5277
5303
5512
5825
7602
7576
5460
5172
4650
3631
5590
4624
5329
5460
5590
5277
7314
7471
5120
3866
4780
3840
14080
6243
6034
6557
5433
4676
6557
8046
7549
6217
4519
4310
4284
5016
6322
13558
5825
5329
5094
4937
4728
6661
6583
5329
5564
6975
5303
5695
7367
6949
6322
4911
3997
4624
8229
5381
5356
7367
5538
7889
7053
5878
8647
13244
8464
13531
8411
16771
8803
8986
7628
9352
8986
8020
11128
8176
9691
9195
5669
6896
5695
24973
18887
38687
10292
34560
17528
12434
15047
13767
6870
11624
7758
10292
15543
10266
8020
5355
8620
7732
11416
8986
20532
17633
10292
8516
7340
10789
8882
9143
12931
7419
5564
19174
10998
8202
9352
8255
22282
17554
18939
15700
8594
10501
14707
10318
5433
8020
9613
11180
10031
7471
7027
5407
11886
9535
5982
5773
6217
5120
3553
6635
5721
5381
9691
9117
5878
7889
5747
9848
29701
16327
23223
39001
36467
38243
33802
21394
7784
5851
8072
4885
19775
19592
18887
22622
22779
35579
42162
38217
53211
21969
17110
17816
15726
9718
27402
9404
18442
17136
9770
12826
12173
15517
11677
47360
9326
13087
21055
58932
14550
15229
17502
16953
27011
10449
25600
9718
19252
20062
20167
16797
19592
24503
8960
13610
10736
14681
12617
8281
13505
9561
19487
6504
31869
38426
32705
20924
58018
25025
58018
26253
35109
3709
5512
14472
10318
24294
9587
28682
26175
15856
17685
16744
16509
13558
6792
21368
21133
17293
18051
9509
18338
31478
19435
9221
8176
23536
16144
12774
43703
27193
9639
13009
7654
14367
26384
25156
9091
23301
8359
13322
25887
8960
13244
23040
16379
19670
22204
30276
16144
18260
24842
17058
15752
10240
5616
17398
28108
14994
18887
14289
22387
21943
15203
7288
28526
16248
24294
46785
15909
9300
11180
13009
8725
7811
19487
12774
12643
18573
33149
8829
12016
8856
25652
21760
20480
22309
2952
4598
8777
9038
20376
23484
8751
8856
17763
22204
24320
30380
29597
22491
24398
21420
15412
5642
8829
17267
21786
21368
13923
12225
28238
10553
17659
30145
20245
33698
19644
6087
24268
18051
12225
17528
26749
19357
26723
30746
12408
13375
13767
35448
16300
12304
29727
12513
16013
40751
14550
14002
20793
15020
4807
9509
8725
7131
27559
18286
25339
20924
17319
17868
24842
14341
37146
28839
43833
22204
11860
21211
13584
17241
19383
27115
28186
20062
10501
14550
20323
14367
17737
15360
14315
6139
15203
8150
9587
19984
14002
14629
7419
18390
10214
16196
9874
24059
29962
20323
19618
28291
19801
15647
25757
29858
14367
2691
3709
7654
7471
8725
7602
7889
7654
10945
10109
18887
10501
19174
7105
10475
8725
15543
7393
15151
14263
9430
13819
30198
19043
12696
12016
6191
7915
11703
9561
8098
26984
20193
7419
13923
9691
9091
13740
9509
10292
10318
10815
10998
8568
11651
11860
10162
15334
11572
8255
16353
15047
13845
11677
9953
6922
8124
12460
9927
11311
16353
13113
23719
11024
9691
10632
9091
7497
5851
8568
21812
9247
8829
8986
7549
8202
12904
10449
7001
13845
8960
9117
9117
12643
18077
15229
14002
9900
10397
2769
3657
9326
4937
7262
7288
9195
12147
4911
7576
5747
7079
9404
9143
9038
8255
15673
7706
12565
8098
5956
9535
8281
10423
7732
5460
5878
6870
9247
10789
12147
6687
9509
8568
8673
9691
15229
8020
10031
7654
11180
10998
6949
4258
11833
3840
13218
9195
7523
9143
9012
10815
8986
7340
7105
12565
9169
9456
8072
3370
5590
6504
10083
28682
11703
4754
12800
10998
21891
9456
14184
13610
14237
14864
17215
25548
12800
15047
11050
25522
14315
36519
17215
19905
21002
11337
19592
17816
16379
20872
33176
12487
21682
20846
9430
13662
3004
5695
14446
32444
15386
11494
16875
22335
21029
23693
16823
22387
14289
19722
54282
22256
34403
30198
14602
44016
27533
15360
19069
28735
17816
42240
15099
19540
19879
17189
16823
16457
21786
16875
28291
6896
17215
15543
40098
4180
5538
13113
6661
8725
20532
11860
30511
15935
21447
66978
31347
12591
26096
33463
30224
12173
10318
12173
13322
18678
14080
15595
11363
9587
18077
19017
27115
9953
15987
15386
15360
8464
55118
5042
17842
5224
20611
19304
36049
7941
7576
13244
23223
29780
26880
12199
15909
33881
30589
28134
21159
8124
23928
11546
14524
10214
16039
40699
29884
32601
12330
75154
15073
21368
21159
9953
10266
19618
28996
6922
35579
12983
47464
32209
28839
26828
22178
13949
19461
13087
10005
13087
9300
9064
9378
16065
14994
6870
17058
6296
12774
6687
5878
8986
10057
13897
8908
8020
11781
11546
10083
16327
7236
14080
7889
10736
17763
14289
9691
14315
7706
13009
15752
10684
17267
14733
9247
12591
8960
6583
7706
8464
7131
8751
17241
2795
2403
2456
2664
4284
3109
3605
4101
2273
2978
5616
4650
4519
8438
6975
10031
5538
5251
6531
5303
6661
5486
9874
5799
9509
7367
5590
8490
8882
7445
4859
6635
5590
4989
6478
6478
7393
7915
6008
9822
6008
7027
5695
8464
9012
9953
8098
6792
7497
10632
10789
14916
5904
6400
7628
7889
9352
6740
10397
14002
3396
3736
4362
2873
2638
3892
3657
3344
4702
3082
5120
5042
6243
7105
6844
12852
7027
7967
7602
8856
23014
8098
7471
8777
7340
7184
7262
11938
7889
6896
8411
10475
6949
8202
6426
6949
7784
11337
5303
7236
5904
8150
11938
12016
7497
8098
11363
10945
7497
3291
3553
3187
4153
3030
3448
2638
2847
3553
4284
3422
3422
3683
4023
4519
3448
3448
4571
3605
3448
4598
4519
34900
4963
3866
20558
11442
12722
8568
12957
19435
33202
3448
3683
4180
4075
3004
5355
4545
3500
5799
4728
3866
3762
6609
3500
4232
3736
3448
4336
2429
7863
2691
3004
5068
4963
2194
4676
4336
4963
5146
4519
4441
6896
7314
8072
5042
6896
9535
8986
10893
5878
7445
8255
4780
6661
5381
3213
6818
5460
8438
7471
3082
5878
3135
10527
6426
4754
6844
9535
4127
3187
8751
5773
4467
8464
6896
6557
8882
5355
2691
6217
4284
7784
10449
4780
4180
5799
5198
7576
4415
6452
6531
4989
4833
5642
7053
3448
4153
4545
3553
4441
4833
7053
3579
6139
3657
6296
3605
6609
6818
9430
6269
4807
6818
4467
4963
7105
5460
6870
6870
8020
8673
6452
6922
7445
7523
5538
6269
19357
6426
9979
7706
9796
8098
10815
8098
17398
7367
7889
6635
7889
6008
6949
3736
6531
4963
7131
6374
6687
13061
6269
15517
7001
5851
7732
8098
7236
5904
6452
6087
6452
4650
7288
7367
7367
5016
6844
5251
7523
8725
6870
8176
9273
15020
2377
2978
2116
3109
2638
5094
4754
4493
4493
4232
4284
4336
3918
4624
3004
4180
6060
6504
5773
5538
6087
2038
3762
5773
5538
5329
4807
4571
4389
4441
5277
2821
4101
2560
7471
3318
2377
2638
4362
5042
5303
4780
4493
5120
4885
4963
10684
4545
3840
9430
9064
7471
4989
5616
4571
4676
5773
5381
5930
7523
7993
7236
4807
6896
7367
4023
3736
6452
8464
8464
5878
7811
6609
3918
6034
5851
5303
4989
4258
5172
6217
6243
11050
7889
8542
6583
7758
7549
12016
6322
5695
10658
4754
4336
6792
6740
8829
12121
8542
28865
7915
11729
19148
17424
20506
38426
15360
27559
48170
36989
21107
51069
13453
17110
29466
54962
43572
26828
16091
17711
36206
18416
51566
19984
23040
18338
30041
28996
31791
26749
18024
44225
48379
25548
25391
35553
19879
23066
15517
12069
13244
16875
21447
19252
16771
10945
69799
7523
46916
15203
18155
15229
25731
48196
28630
40490
31007
38060
18547
16849
32078
12669
28343
15151
20924
14785
14446
29989
13192
39811
27533
56764
18024
14838
62380
13949
16797
16196
22805
27533
66900
24033
59768
21447
7967
7105
7758
17345
21185
33123
14524
14367
14655
18704
17450
20820
14838
57391
9221
23928
8699
11807
24712
23144
11677
23040
20741
15282
24555
22570
15464
10031
26044
16875
16353
22413
31007
25548
35030
17136
11651
12983
10867
13949
13923
22282
19304
13897
49607
18782
28238
15360
21029
27141
13558
21029
15987
12878
44826
32287
17084
33202
13009
41012
25940
19722
7184
15882
41482
30041
12304
9927
29283
22753
30328
32261
12304
50730
14785
26593
25861
19566
7419
10397
16927
11494
18469
9064
7811
17293
18808
9900
10919
11128
10031
6870
16013
11886
13871
8803
21629
18181
11572
17136
12225
6766
8777
15961
25626
15464
14707
20741
7811
5329
5616
5355
4415
3448
9535
4441
4101
5851
6687
5851
4885
4963
7184
3997
15856
4467
9117
4127
3631
6896
4519
6191
4467
9038
3396
6635
6792
7210
7445
12330
15073
7915
5381
4676
6008
5616
10762
5642
9665
8751
11180
11703
6478
8176
5381
11389
10553
6034
16353
6792
5120
4859
6034
4362
4571
7210
15360
4571
8490
5747
7915
7367
5407
6531
5094
8490
12408
14524
11938
7915
3788
4389
3030
8856
14341
3579
4415
4911
5172
4101
5642
9509
7419
7236
5251
5799
6060
6243
4206
6374
8516
9195
6165
6740
4624
6113
8333
6687
8411
6818
5695
7131
6740
3448
2664
13845
3396
3474
2377
5381
2978
3553
9874
3997
4624
6400
3788
2612
3370
2273
5146
3265
3474
2508
7027
6034
4389
5851
7367
6191
6034
11520
9064
5930
6949
5120
7576
6165
5773
7811
7393
8411
8647
11677
13218
13819
11938
5616
4989
18860
6452
5721
15804
5277
8255
13584
6087
13349
4937
3291
6740
7105
5407
6217
4284
5381
11363
4389
12304
7576
20689
7680
13558
21864
10475
7837
8777
5904
9665
12460
8098
11860
12069
10344
12069
9535
14733
13479
6818
8176
9927
7027
10841
6896
7001
9770
20793
13610
9117
6191
11912
17580
3918
3187
4702
4885
5825
6740
6191
5355
7628
6896
7393
6713
6374
7993
14158
9822
8307
10188
11024
101277
2717
2090
1881
2194
1855
3082
2011
5407
4885
4049
3370
4049
2247
3187
5172
5956
2717
3892
2351
3161
1646
2325
3004
4833
3579
2090
3004
2743
2560
2769
68049
1959
2168
2534
3500
2116
8594
4362
2769
7419
3762
2821
5120
5042
7210
5381
4754
6661
5329
5329
2926
7758
4650
4232
5486
14446
3370
4336
6296
6661
6008
3944
2664
1855
2691
6191
2612
4101
7184
4989
3187
4702
5042
4624
5851
3918
2534
4624
3082
5277
5433
9900
4650
9535
6478
8725
4989
5695
7131
5224
4963
8046
6740
6896
7288
9404
9509
15595
9509
8725
9143
8176
8960
9665
13610
8829
11781
8542
15256
7758
15935
7784
8359
6034
14524
9300
18312
13688
8020
7602
5590
7549
15177
10710
11389
16509
25260
2664
2717
2873
2691
2534
2299
3265
2612
4023
2534
2325
2691
1985
3866
4389
4180
4310
4571
4362
7131
4754
4232
4545
6087
3657
5721
12539
5512
8281
5799
4754
5198
4807
5146
5904
5094
5930
6792
6243
5381
7288
5773
8725
6139
5642
11024
6034
6008
6740
9639
6713
4807
4415
3657
5146
3109
2873
2821
3422
3082
3631
4598
4911
8098
5198
3814
4754
10397
5773
4598
4728
3109
5407
6687
5956
6374
5538
4598
8490
6217
4754
6087
3109
4180
6531
9195
19096
29597
11128
51435
3135
3056
2717
2508
3030
2586
2090
5016
2769
5355
4780
4232
4807
3736
3161
5355
4780
6452
3657
3213
2090
2717
1959
3683
5381
6165
8307
3318
4441
3631
5146
2560
3683
8777
11833
5355
4441
3527
4467
12251
11598
6348
6217
4963
10971
23562
2612
4310
4127
5120
2873
3239
3553
4702
1750
3135
6452
4153
2978
3030
1802
2717
9509
2847
5616
4545
4467
7001
7131
6557
5956
4885
3657
3553
4702
5642
3944
5721
8385
4023
4153
8385
16692
4937
5042
5669
2612
7367
2064
4598
2403
2377
2299
2586
2795
2638
3840
2142
3997
2560
3579
12565
4833
3422
2560
2743
5486
4989
4467
4780
5329
4885
5146
8908
4467
8333
23275
6348
3213
2508
2064
4336
11154
4467
8594
5878
6139
9091
4833
5016
7236
4101
7445
8438
8699
30485
4650
6635
5512
7393
4441
6740
8490
5120
4101
4885
4415
7288
6870
7732
9038
5198
7523
7837
5512
4415
3056
5433
5773
6139
5355
7523
5251
6844
9326
5224
9169
13871
6087
7340
8176
10162
5198
2926
2090
3318
2691
18207
5695
4702
7027
7837
3004
2612
13166
7367
5695
3370
2743
2978
5904
6191
10162
5930
4989
6296
11964
5616
4362
4336
3605
4362
4336
5564
9326
15647
18547
28787
12878
6400
5930
5094
5094
6374
4362
5407
8124
6400
6844
4624
3788
2691
5642
5982
5878
7079
5120
4232
6034
5329
2377
4571
2403
9221
2873
12121
3553
3291
2664
4127
4545
4650
10344
3265
4441
3291
3291
4049
4754
3187
3318
7393
4885
4833
5120
3056
3892
3082
2482
2978
4885
6139
3944
2142
2769
2926
2952
3213
3239
2429
2847
4859
4624
2900
2482
5407
3579
4127
4362
5198
6322
1411
1907
1881
2090
3527
5486
6034
5042
6008
4676
5303
5120
5224
5851
16300
11729
5825
9169
4989
5303
6400
7523
35657
5930
8359
7184
10083
33698
6008
5094
4859
5146
4127
5120
4911
3762
4519
4127
3605
3500
2534
5224
1698
5433
3082
3997
8411
4780
6792
5042
2377
2743
3657
2926
4624
2821
3056
4284
4441
3631
3396
3997
6113
14341
5068
2116
3579
3892
3318
3213
1985
3291
4728
1776
3396
7419
4127
4702
19487
5669
3709
3709
4650
6557
6896
3396
967
2821
3709
4519
4153
5669
5904
6034
3840
5538
5277
2900
3422
4807
2560
4545
4807
4362
3500
3448
3683
2926
7837
6531
8960
6113
8673
3161
4075
3004
2691
5799
6975
2273
3814
2821
2534
4676
2273
5277
5669
8359
4441
5224
2900
6713
10606
6740
11781
11860
11128
9744
6269
3918
9770
20872
22779
10318
32627
4650
3213
9953
5146
3892
9169
6400
11755
2273
2900
2377
2978
3918
7471
6165
6060
5982
4937
8359
1358
1855
6139
6844
11651
7105
6661
17476
9300
9456
3918
1985
6713
4780
9117
6687
4023
7158
9900
1123
4336
8072
3239
3422
5068
5695
4415
5695
3187
4467
3187
5198
4023
3892
8359
6400
1881
6296
2926
9143
4206
3631
3762
3683
7340
5407
6661
4702
2560
4624
5198
4545
6269
5904
7967
5120
4493
6296
7393
5538
5538
4127
3683
6713
2116
2064
2482
3736
2534
2664
3788
5068
4807
5878
4833
5642
6949
7471
8725